co.uk  	 213 	 0.004970382899045944 	 0.002133976306319237
ac.uk  	 123 	 0.002986767329275608 	 0.0012323894138634207
prodigy.com  	 38 	 0.002562618814408779 	 0.000382050095051527
ks.se  	 6 	 0.0023629087954759598 	 6.189032703638077e-05
246.57  	 32 	 0.002331349067389965 	 0.000321865079253912
240.18  	 24 	 0.0019355453550815582 	 0.00024154843628406528
aol.com  	 48 	 0.0019248547032475471 	 0.0004815398837625981
compuserve.com  	 157 	 0.0017628157511353493 	 0.0015714102526009086
intel.com  	 29 	 0.0016997279599308968 	 0.0002913597823679447
trw.com  	 40 	 0.0016823848709464073 	 0.0004013459078967571
