co.uk  	 213 	 0.004970382899045944 	 0.002133976306319237
compuserve.com  	 157 	 0.0017628157511353493 	 0.0015714102526009086
ac.uk  	 123 	 0.002986767329275608 	 0.0012323894138634207
com.au  	 86 	 0.0014009708538651466 	 0.0008611207766830922
pipex.com  	 64 	 0.000842016190290451 	 0.0006406736129522324
letters.com  	 58 	 0.00108367670327425 	 0.0005808669413626195
netcom.com  	 57 	 0.0009553004056215286 	 0.0005707642403244974
ac.jp  	 52 	 0.0007874276489019394 	 0.0005206299421191216
microsoft.com  	 52 	 0.00046824943274259567 	 0.0005203745995461941
aol.com  	 48 	 0.0019248547032475471 	 0.0004815398837625981
pi.net  	 47 	 0.0005354816094040871 	 0.0004704283852875233
trw.com  	 40 	 0.0016823848709464073 	 0.0004013459078967571
prodigy.com  	 38 	 0.002562618814408779 	 0.000382050095051527
gov.au  	 37 	 0.00033384375274181366 	 0.0003702670750021935
udc.es  	 36 	 0.0006678896024823189 	 0.00036053431168198586
cove.com  	 35 	 0.00025726761668920517 	 0.0003502058140933514
nasa.gov  	 35 	 0.00016230344772338867 	 0.00035012984275817875
rug.nl  	 33 	 0.00022640451788902283 	 0.00033018112361431125
246.57  	 32 	 0.002331349067389965 	 0.000321865079253912
fsu.edu  	 32 	 0.00018842052668333054 	 0.0003201507364213467
nando.net  	 31 	 0.0007517337799072266 	 0.0003106013870239258
net.au  	 30 	 0.001101471483707428 	 0.00030088117718696597
or.jp  	 30 	 0.0003365771844983101 	 0.0003002692617475987
intel.com  	 29 	 0.0016997279599308968 	 0.0002913597823679447
jaring.my  	 28 	 0.0009593507274985313 	 0.00028076748058199886
ab.com  	 26 	 0.00018389802426099777 	 0.00026014711841940884
webads.com  	 25 	 0.0003780350089073181 	 0.0002503024280071259
com.sg  	 25 	 0.0002534426748752594 	 0.0002502027541399002
digital.net  	 25 	 0.00010323058813810349 	 0.0002500825844705105
240.18  	 24 	 0.0019355453550815582 	 0.00024154843628406528
tue.nl  	 24 	 0.0007666442543268204 	 0.0002406133154034615
itnet.it  	 24 	 0.00028328876942396164 	 0.0002402266310155392
uni-dortmund.de  	 24 	 0.00023192353546619415 	 0.000240185538828373
vt.edu  	 23 	 0.0006489455699920654 	 0.00023051915645599366
gpnet.it  	 23 	 0.0006068907678127289 	 0.0002304855126142502
rwth-aachen.de  	 23 	 0.00016090180724859238 	 0.00023012872144579887
ac.il  	 23 	 0.00010868627578020096 	 0.00023008694902062416
108.70  	 21 	 0.00012642890214920044 	 0.00021010114312171936
mindspring.com  	 20 	 9.332690387964249e-05 	 0.00020007466152310372
infn.it  	 19 	 0.00027869734913110733 	 0.0001902229578793049
tudelft.nl  	 19 	 0.0001309812068939209 	 0.00019010478496551514
iglou.com  	 19 	 8.781999349594116e-05 	 0.00019007025599479676
silcom.com  	 19 	 3.1089410185813904e-05 	 0.00019002487152814865
30.25  	 18 	 0.0005622068420052528 	 0.00018044976547360421
dknet.dk  	 18 	 0.00018417369574308395 	 0.00018014733895659448
innet.be  	 17 	 0.0008030477911233902 	 0.00017064243823289874
mcnet.ch  	 17 	 0.00024387706071138382 	 0.0001701951016485691
teradyne.com  	 17 	 0.0002126842737197876 	 0.00017017014741897585
ebicom.net  	 17 	 9.43746417760849e-05 	 0.00017007549971342087
co.za  	 16 	 0.0010096793994307518 	 0.0001608077435195446
cam.org  	 16 	 0.0004031602293252945 	 0.00016032252818346025
iaf.nl  	 16 	 0.0001451931893825531 	 0.00016011615455150606
eunet.no  	 15 	 0.0002475054934620857 	 0.0001501980043947697
std.com  	 15 	 0.0001977263018488884 	 0.00015015818104147913
co.jp  	 14 	 0.0002941219136118889 	 0.00014023529753088952
ac.kr  	 14 	 0.00024431012570858 	 0.00014019544810056687
polaris.net  	 14 	 0.00023045018315315247 	 0.00014018436014652253
edu.au  	 14 	 0.0002147546038031578 	 0.00014017180368304253
16.204  	 14 	 0.0001302901655435562 	 0.00014010423213243486
213.161  	 14 	 0.00011165626347064972 	 0.00014008932501077655
the-spa.com  	 14 	 8.566398173570633e-05 	 0.0001400685311853886
19.15  	 14 	 4.409346729516983e-05 	 0.00014003527477383614
co.th  	 13 	 0.0004805149510502815 	 0.00013038441196084024
csun.edu  	 13 	 0.00015275366604328156 	 0.00013012220293283464
64.66  	 13 	 0.00011843163520097733 	 0.0001300947453081608
hp.com  	 12 	 0.00021610036492347717 	 0.0001201728802919388
guam.net  	 12 	 0.00021381769329309464 	 0.0001201710541546345
ac.at  	 12 	 0.000151769258081913 	 0.00012012141540646554
u-strasbg.fr  	 12 	 9.378790855407715e-05 	 0.00012007503032684328
pacbell.com  	 11 	 0.00034701917320489883 	 0.00011027761533856392
49.127  	 11 	 0.0003411257639527321 	 0.00011027290061116219
15.37  	 11 	 0.0002944851294159889 	 0.0001102355881035328
133.176  	 11 	 0.00017347931861877441 	 0.00011013878345489503
cloud9.net  	 11 	 0.00015031639486551285 	 0.00011012025311589242
jpmorgan.com  	 11 	 0.00014862790703773499 	 0.0001101189023256302
34.202  	 11 	 0.00011399667710065842 	 0.00011009119734168053
netheaven.com  	 11 	 0.0001129545271396637 	 0.00011009036362171173
co.nz  	 11 	 2.1336600184440613e-05 	 0.00011001706928014755
ibm.net  	 10 	 0.0011290721595287323 	 0.000100903257727623
vpro.nl  	 10 	 0.00022560730576515198 	 0.00010018048584461212
valleynet.com  	 10 	 0.0001534968614578247 	 0.00010012279748916626
luc.edu  	 10 	 0.00015114061534404755 	 0.00010012091249227525
cts.com  	 10 	 5.6399963796138763e-05 	 0.00010004511997103691
ib.be  	 9 	 0.00025552790611982346 	 9.020442232489586e-05
gate.net  	 9 	 0.00016031134873628616 	 9.012824907898903e-05
moc.kw  	 9 	 0.00012645404785871506 	 9.010116323828698e-05
swipnet.se  	 9 	 0.0001053614541888237 	 9.008428916335106e-05
15.20  	 9 	 5.825236439704895e-05 	 9.004660189151765e-05
msen.com  	 9 	 5.633663386106491e-05 	 9.004506930708886e-05
52.225  	 9 	 5.633663386106491e-05 	 9.004506930708886e-05
ripco.com  	 9 	 5.28823584318161e-05 	 9.004230588674546e-05
primenet.com  	 9 	 5.28823584318161e-05 	 9.004230588674546e-05
uni-stuttgart.de  	 9 	 4.5182183384895325e-05 	 9.003614574670792e-05
tip.net  	 9 	 2.479739487171173e-05 	 9.001983791589737e-05
umsl.edu  	 9 	 0.0 	 9e-05
bart.nl  	 9 	 0.0 	 9e-05
utexas.edu  	 8 	 0.0002739066258072853 	 8.021912530064583e-05
telepac.pt  	 8 	 0.00016820896416902542 	 8.013456717133522e-05
168.20  	 8 	 0.00011754408478736877 	 8.00940352678299e-05
metropolis.nl  	 8 	 0.00011179409921169281 	 8.008943527936936e-05
203.14  	 8 	 0.00010868068784475327 	 8.008694455027581e-05
pixi.com  	 8 	 0.00010468252003192902 	 8.008374601602555e-05
info.au  	 8 	 3.281887620687485e-05 	 8.002625510096551e-05
rio.com  	 7 	 0.0003308849409222603 	 7.026470795273782e-05
infoseek.com  	 7 	 0.0002505313605070114 	 7.020042508840562e-05
umass.edu  	 7 	 0.0002421969547867775 	 7.019375756382943e-05
dec.com  	 7 	 0.00021105539053678513 	 7.016884431242943e-05
unizh.ch  	 7 	 0.0001945914700627327 	 7.015567317605019e-05
algonet.se  	 7 	 0.00016819126904010773 	 7.01345530152321e-05
berkeley.edu  	 7 	 0.00014088395982980728 	 7.011270716786385e-05
uni-potsdam.de  	 7 	 0.0001030871644616127 	 7.00824697315693e-05
195.24  	 7 	 6.714090704917908e-05 	 7.005371272563935e-05
34.165  	 7 	 4.4316984713077545e-05 	 7.003545358777047e-05
org.au  	 7 	 2.6472844183444977e-05 	 7.002117827534677e-05
mich.net  	 7 	 2.277456223964691e-05 	 7.001821964979173e-05
106.241  	 7 	 3.86405736207962e-06 	 7.000309124588967e-05
ks.se  	 6 	 0.0023629087954759598 	 6.189032703638077e-05
access.ch  	 6 	 0.0008823620155453682 	 6.0705889612436304e-05
clark.net  	 6 	 0.00012554507702589035 	 6.010043606162072e-05
uni-leipzig.de  	 6 	 0.00011372286826372147 	 6.0090978294610986e-05
10.163  	 6 	 8.073821663856506e-05 	 6.006459057331086e-05
tu-chemnitz.de  	 6 	 6.985478103160858e-05 	 6.00558838248253e-05
azstarnet.com  	 6 	 5.031842738389969e-05 	 6.004025474190713e-05
utah.edu  	 6 	 4.0463171899318695e-05 	 6.003237053751946e-05
xs4all.nl  	 6 	 1.839175820350647e-05 	 6.001471340656281e-05
shadow.net  	 6 	 1.3962388038635254e-05 	 6.001116991043092e-05
mh.se  	 6 	 1.3962388038635254e-05 	 6.001116991043092e-05
136.1  	 6 	 1.3962388038635254e-05 	 6.001116991043092e-05
gen.nz  	 6 	 7.175840437412262e-06 	 6.0005740672349935e-05
uni-mainz.de  	 5 	 0.0013844342902302742 	 5.110754743218422e-05
243.5  	 5 	 0.0008963560685515404 	 5.0717084854841235e-05
dupont.com  	 5 	 0.0005441447719931602 	 5.043531581759453e-05
stm.it  	 5 	 0.00035943184047937393 	 5.0287545472383504e-05
247.5  	 5 	 0.0001848684623837471 	 5.0147894769907e-05
169.199  	 5 	 0.0001721968874335289 	 5.013775750994682e-05
inet.fi  	 5 	 0.00013110879808664322 	 5.0104887038469316e-05
uni-trier.de  	 5 	 0.00012711714953184128 	 5.010169371962547e-05
400gtw.nl  	 5 	 5.0215981900691986e-05 	 5.004017278552055e-05
163.25  	 5 	 5.0215981900691986e-05 	 5.004017278552055e-05
49.10  	 5 	 4.319567233324051e-05 	 5.0034556537866596e-05
uni-karlsruhe.de  	 5 	 4.3169595301151276e-05 	 5.003453567624092e-05
ionet.net  	 5 	 4.3169595301151276e-05 	 5.003453567624092e-05
calpoly.edu  	 5 	 7.222406566143036e-06 	 5.0005777925252915e-05
galactica.it  	 4 	 0.0003673061728477478 	 4.02938449382782e-05
inbe.net  	 4 	 0.00011327490210533142 	 4.009061992168427e-05
infi.net  	 4 	 0.00010661408305168152 	 4.008529126644135e-05
usps.gov  	 4 	 4.310626536607742e-05 	 4.0034485012292864e-05
unicomp.net  	 4 	 4.310626536607742e-05 	 4.0034485012292864e-05
tu-muenchen.de  	 4 	 4.310626536607742e-05 	 4.0034485012292864e-05
sfsu.edu  	 4 	 4.310626536607742e-05 	 4.0034485012292864e-05
onlink.net  	 4 	 4.310626536607742e-05 	 4.0034485012292864e-05
nstn.ca  	 4 	 4.310626536607742e-05 	 4.0034485012292864e-05
intac.com  	 4 	 4.310626536607742e-05 	 4.0034485012292864e-05
euronet.nl  	 4 	 4.310626536607742e-05 	 4.0034485012292864e-05
aa.net  	 4 	 4.310626536607742e-05 	 4.0034485012292864e-05
248.32  	 4 	 4.310626536607742e-05 	 4.0034485012292864e-05
154.54  	 4 	 4.310626536607742e-05 	 4.0034485012292864e-05
iol.ie  	 4 	 3.1908974051475525e-05 	 4.002552717924118e-05
net-connect.net  	 4 	 2.7231872081756592e-05 	 4.002178549766541e-05
interlog.com  	 4 	 1.0061077773571014e-05 	 4.000804886221886e-05
att.com  	 4 	 3.789551556110382e-06 	 4.000303164124489e-05
mci.net  	 4 	 0.0 	 4e-05
141.48  	 3 	 0.00013804156333208084 	 3.0110433250665668e-05
pp.fi  	 3 	 6.633438169956207e-05 	 3.0053067505359655e-05
85.155  	 3 	 3.183633089065552e-05 	 3.002546906471253e-05
110.21  	 3 	 9.291805326938629e-06 	 3.0007433444261554e-05
ios.com  	 2 	 8.777342736721039e-05 	 2.007021874189377e-05
magic.ca  	 2 	 8.58008861541748e-05 	 2.006864070892334e-05
mcs.net  	 2 	 8.340366184711456e-05 	 2.0066722929477692e-05
medio.net  	 2 	 6.526149809360504e-05 	 2.0052209198474885e-05
digital.com  	 2 	 4.976242780685425e-05 	 2.0039809942245484e-05
apc.org  	 2 	 4.948768764734268e-05 	 2.0039590150117877e-05
1.125  	 2 	 4.8961490392684937e-05 	 2.003916919231415e-05
arizona.edu  	 2 	 4.2504630982875824e-05 	 2.0034003704786303e-05
30.9  	 2 	 3.497861325740814e-05 	 2.0027982890605927e-05
nb.ca  	 2 	 3.080163151025772e-05 	 2.0024641305208207e-05
lynx.net  	 2 	 2.3189932107925415e-05 	 2.001855194568634e-05
compulink.gr  	 2 	 1.2051314115524292e-05 	 2.000964105129242e-05
81.55  	 2 	 7.103197276592255e-06 	 2.0005682557821277e-05
144.152  	 2 	 6.588175892829895e-06 	 2.0005270540714264e-05
sci.fi  	 2 	 3.725290298461914e-06 	 2.0002980232238772e-05
auc.dk  	 2 	 1.1222437024116516e-06 	 2.000089779496193e-05
22.13  	 2 	 0.0 	 2e-05
francenet.fr  	 1 	 0.0007780212908983231 	 1.0622417032718658e-05
sover.net  	 1 	 0.00011444091796875 	 1.0091552734375001e-05
moorecap.com  	 1 	 9.431224316358566e-05 	 1.007544979453087e-05
gwdg.de  	 1 	 8.392333984375e-05 	 1.0067138671875e-05
lloyd.com  	 1 	 5.747750401496887e-05 	 1.0045982003211975e-05
netaxs.com  	 1 	 4.57763671875e-05 	 1.003662109375e-05
tandem.com  	 1 	 3.979727625846863e-05 	 1.0031837821006776e-05
eden.com  	 1 	 3.169197589159012e-05 	 1.0025353580713273e-05
tenet.edu  	 1 	 1.1213123798370361e-05 	 1.0008970499038697e-05
nwlink.com  	 1 	 9.189359843730927e-06 	 1.0007351487874985e-05
ncw.net  	 1 	 7.109716534614563e-06 	 1.0005687773227693e-05
14.104  	 1 	 7.109716534614563e-06 	 1.0005687773227693e-05
126.11  	 1 	 7.109716534614563e-06 	 1.0005687773227693e-05
infinet.com  	 1 	 6.588175892829895e-06 	 1.0005270540714265e-05
iquest.net  	 1 	 4.2263418436050415e-06 	 1.0003381073474885e-05
peganet.com  	 1 	 3.711320459842682e-06 	 1.0002969056367875e-05
115.106  	 1 	 3.711320459842682e-06 	 1.0002969056367875e-05
ultranet.com  	 1 	 2.993270754814148e-06 	 1.0002394616603852e-05
bnr.ca  	 1 	 2.993270754814148e-06 	 1.0002394616603852e-05
