co.uk  	 213 	 0.004970382899045944 	 0.002133976306319237
compuserve.com  	 157 	 0.0017628157511353493 	 0.0015714102526009086
ac.uk  	 123 	 0.002986767329275608 	 0.0012323894138634207
com.au  	 86 	 0.0014009708538651466 	 0.0008611207766830922
pipex.com  	 64 	 0.000842016190290451 	 0.0006406736129522324
letters.com  	 58 	 0.00108367670327425 	 0.0005808669413626195
netcom.com  	 57 	 0.0009553004056215286 	 0.0005707642403244974
microsoft.com  	 52 	 0.00046824943274259567 	 0.0005203745995461941
ac.jp  	 52 	 0.0007874276489019394 	 0.0005206299421191216
aol.com  	 48 	 0.0019248547032475471 	 0.0004815398837625981
