106.241  	 7 	 3.86405736207962e-06 	 7.000309124588967e-05
115.106  	 1 	 3.711320459842682e-06 	 1.0002969056367875e-05
136.1  	 6 	 1.3962388038635254e-05 	 6.001116991043092e-05
141.48  	 3 	 0.00013804156333208084 	 3.0110433250665668e-05
15.20  	 9 	 5.825236439704895e-05 	 9.004660189151765e-05
169.199  	 5 	 0.0001721968874335289 	 5.013775750994682e-05
195.24  	 7 	 6.714090704917908e-05 	 7.005371272563935e-05
22.13  	 2 	 0.0 	 2e-05
243.5  	 5 	 0.0008963560685515404 	 5.0717084854841235e-05
30.9  	 2 	 3.497861325740814e-05 	 2.0027982890605927e-05
34.202  	 11 	 0.00011399667710065842 	 0.00011009119734168053
49.10  	 5 	 4.319567233324051e-05 	 5.0034556537866596e-05
52.225  	 9 	 5.633663386106491e-05 	 9.004506930708886e-05
85.155  	 3 	 3.183633089065552e-05 	 3.002546906471253e-05
aol.com  	 48 	 0.0019248547032475471 	 0.0004815398837625981
att.com  	 4 	 3.789551556110382e-06 	 4.000303164124489e-05
azstarnet.com  	 6 	 5.031842738389969e-05 	 6.004025474190713e-05
bart.nl  	 9 	 0.0 	 9e-05
cam.org  	 16 	 0.0004031602293252945 	 0.00016032252818346025
clark.net  	 6 	 0.00012554507702589035 	 6.010043606162072e-05
co.jp  	 14 	 0.0002941219136118889 	 0.00014023529753088952
co.uk  	 213 	 0.004970382899045944 	 0.002133976306319237
com.au  	 86 	 0.0014009708538651466 	 0.0008611207766830922
cove.com  	 35 	 0.00025726761668920517 	 0.0003502058140933514
dec.com  	 7 	 0.00021105539053678513 	 7.016884431242943e-05
digital.com  	 2 	 4.976242780685425e-05 	 2.0039809942245484e-05
dknet.dk  	 18 	 0.00018417369574308395 	 0.00018014733895659448
eden.com  	 1 	 3.169197589159012e-05 	 1.0025353580713273e-05
francenet.fr  	 1 	 0.0007780212908983231 	 1.0622417032718658e-05
galactica.it  	 4 	 0.0003673061728477478 	 4.02938449382782e-05
guam.net  	 12 	 0.00021381769329309464 	 0.0001201710541546345
iaf.nl  	 16 	 0.0001451931893825531 	 0.00016011615455150606
iglou.com  	 19 	 8.781999349594116e-05 	 0.00019007025599479676
inbe.net  	 4 	 0.00011327490210533142 	 4.009061992168427e-05
infinet.com  	 1 	 6.588175892829895e-06 	 1.0005270540714265e-05
infoseek.com  	 7 	 0.0002505313605070114 	 7.020042508840562e-05
ios.com  	 2 	 8.777342736721039e-05 	 2.007021874189377e-05
iquest.net  	 1 	 4.2263418436050415e-06 	 1.0003381073474885e-05
jpmorgan.com  	 11 	 0.00014862790703773499 	 0.0001101189023256302
letters.com  	 58 	 0.00108367670327425 	 0.0005808669413626195
luc.edu  	 10 	 0.00015114061534404755 	 0.00010012091249227525
lynx.net  	 2 	 2.3189932107925415e-05 	 2.001855194568634e-05
magic.ca  	 2 	 8.58008861541748e-05 	 2.006864070892334e-05
mci.net  	 4 	 0.0 	 4e-05
medio.net  	 2 	 6.526149809360504e-05 	 2.0052209198474885e-05
metropolis.nl  	 8 	 0.00011179409921169281 	 8.008943527936936e-05
nando.net  	 31 	 0.0007517337799072266 	 0.0003106013870239258
nasa.gov  	 35 	 0.00016230344772338867 	 0.00035012984275817875
nb.ca  	 2 	 3.080163151025772e-05 	 2.0024641305208207e-05
net-connect.net  	 4 	 2.7231872081756592e-05 	 4.002178549766541e-05
net.au  	 30 	 0.001101471483707428 	 0.00030088117718696597
nstn.ca  	 4 	 4.310626536607742e-05 	 4.0034485012292864e-05
onlink.net  	 4 	 4.310626536607742e-05 	 4.0034485012292864e-05
or.jp  	 30 	 0.0003365771844983101 	 0.0003002692617475987
pacbell.com  	 11 	 0.00034701917320489883 	 0.00011027761533856392
peganet.com  	 1 	 3.711320459842682e-06 	 1.0002969056367875e-05
pixi.com  	 8 	 0.00010468252003192902 	 8.008374601602555e-05
polaris.net  	 14 	 0.00023045018315315247 	 0.00014018436014652253
pp.fi  	 3 	 6.633438169956207e-05 	 3.0053067505359655e-05
ripco.com  	 9 	 5.28823584318161e-05 	 9.004230588674546e-05
sfsu.edu  	 4 	 4.310626536607742e-05 	 4.0034485012292864e-05
silcom.com  	 19 	 3.1089410185813904e-05 	 0.00019002487152814865
sover.net  	 1 	 0.00011444091796875 	 1.0091552734375001e-05
swipnet.se  	 9 	 0.0001053614541888237 	 9.008428916335106e-05
tandem.com  	 1 	 3.979727625846863e-05 	 1.0031837821006776e-05
tenet.edu  	 1 	 1.1213123798370361e-05 	 1.0008970499038697e-05
the-spa.com  	 14 	 8.566398173570633e-05 	 0.0001400685311853886
udc.es  	 36 	 0.0006678896024823189 	 0.00036053431168198586
uni-dortmund.de  	 24 	 0.00023192353546619415 	 0.000240185538828373
uni-karlsruhe.de  	 5 	 4.3169595301151276e-05 	 5.003453567624092e-05
uni-leipzig.de  	 6 	 0.00011372286826372147 	 6.0090978294610986e-05
uni-potsdam.de  	 7 	 0.0001030871644616127 	 7.00824697315693e-05
uni-stuttgart.de  	 9 	 4.5182183384895325e-05 	 9.003614574670792e-05
uni-trier.de  	 5 	 0.00012711714953184128 	 5.010169371962547e-05
utah.edu  	 6 	 4.0463171899318695e-05 	 6.003237053751946e-05
valleynet.com  	 10 	 0.0001534968614578247 	 0.00010012279748916626
vt.edu  	 23 	 0.0006489455699920654 	 0.00023051915645599366
