1.125  	 2 	 4.8961490392684937e-05 	 2.003916919231415e-05
108.70  	 21 	 0.00012642890214920044 	 0.00021010114312171936
14.104  	 1 	 7.109716534614563e-06 	 1.0005687773227693e-05
154.54  	 4 	 4.310626536607742e-05 	 4.0034485012292864e-05
16.204  	 14 	 0.0001302901655435562 	 0.00014010423213243486
213.161  	 14 	 0.00011165626347064972 	 0.00014008932501077655
240.18  	 24 	 0.0019355453550815582 	 0.00024154843628406528
246.57  	 32 	 0.002331349067389965 	 0.000321865079253912
247.5  	 5 	 0.0001848684623837471 	 5.0147894769907e-05
400gtw.nl  	 5 	 5.0215981900691986e-05 	 5.004017278552055e-05
49.127  	 11 	 0.0003411257639527321 	 0.00011027290061116219
ab.com  	 26 	 0.00018389802426099777 	 0.00026014711841940884
ac.jp  	 52 	 0.0007874276489019394 	 0.0005206299421191216
ac.kr  	 14 	 0.00024431012570858 	 0.00014019544810056687
ac.uk  	 123 	 0.002986767329275608 	 0.0012323894138634207
apc.org  	 2 	 4.948768764734268e-05 	 2.0039590150117877e-05
arizona.edu  	 2 	 4.2504630982875824e-05 	 2.0034003704786303e-05
auc.dk  	 2 	 1.1222437024116516e-06 	 2.000089779496193e-05
cloud9.net  	 11 	 0.00015031639486551285 	 0.00011012025311589242
co.za  	 16 	 0.0010096793994307518 	 0.0001608077435195446
com.sg  	 25 	 0.0002534426748752594 	 0.0002502027541399002
eunet.no  	 15 	 0.0002475054934620857 	 0.0001501980043947697
euronet.nl  	 4 	 4.310626536607742e-05 	 4.0034485012292864e-05
gate.net  	 9 	 0.00016031134873628616 	 9.012824907898903e-05
hp.com  	 12 	 0.00021610036492347717 	 0.0001201728802919388
ib.be  	 9 	 0.00025552790611982346 	 9.020442232489586e-05
inet.fi  	 5 	 0.00013110879808664322 	 5.0104887038469316e-05
infi.net  	 4 	 0.00010661408305168152 	 4.008529126644135e-05
infn.it  	 19 	 0.00027869734913110733 	 0.0001902229578793049
info.au  	 8 	 3.281887620687485e-05 	 8.002625510096551e-05
intac.com  	 4 	 4.310626536607742e-05 	 4.0034485012292864e-05
intel.com  	 29 	 0.0016997279599308968 	 0.0002913597823679447
interlog.com  	 4 	 1.0061077773571014e-05 	 4.000804886221886e-05
jaring.my  	 28 	 0.0009593507274985313 	 0.00028076748058199886
ks.se  	 6 	 0.0023629087954759598 	 6.189032703638077e-05
lloyd.com  	 1 	 5.747750401496887e-05 	 1.0045982003211975e-05
mcnet.ch  	 17 	 0.00024387706071138382 	 0.0001701951016485691
mh.se  	 6 	 1.3962388038635254e-05 	 6.001116991043092e-05
mich.net  	 7 	 2.277456223964691e-05 	 7.001821964979173e-05
moc.kw  	 9 	 0.00012645404785871506 	 9.010116323828698e-05
ncw.net  	 1 	 7.109716534614563e-06 	 1.0005687773227693e-05
netcom.com  	 57 	 0.0009553004056215286 	 0.0005707642403244974
pi.net  	 47 	 0.0005354816094040871 	 0.0004704283852875233
pipex.com  	 64 	 0.000842016190290451 	 0.0006406736129522324
prodigy.com  	 38 	 0.002562618814408779 	 0.000382050095051527
rio.com  	 7 	 0.0003308849409222603 	 7.026470795273782e-05
rug.nl  	 33 	 0.00022640451788902283 	 0.00033018112361431125
shadow.net  	 6 	 1.3962388038635254e-05 	 6.001116991043092e-05
std.com  	 15 	 0.0001977263018488884 	 0.00015015818104147913
stm.it  	 5 	 0.00035943184047937393 	 5.0287545472383504e-05
telepac.pt  	 8 	 0.00016820896416902542 	 8.013456717133522e-05
u-strasbg.fr  	 12 	 9.378790855407715e-05 	 0.00012007503032684328
ultranet.com  	 1 	 2.993270754814148e-06 	 1.0002394616603852e-05
umass.edu  	 7 	 0.0002421969547867775 	 7.019375756382943e-05
umsl.edu  	 9 	 0.0 	 9e-05
uni-mainz.de  	 5 	 0.0013844342902302742 	 5.110754743218422e-05
unicomp.net  	 4 	 4.310626536607742e-05 	 4.0034485012292864e-05
unizh.ch  	 7 	 0.0001945914700627327 	 7.015567317605019e-05
vpro.nl  	 10 	 0.00022560730576515198 	 0.00010018048584461212
xs4all.nl  	 6 	 1.839175820350647e-05 	 6.001471340656281e-05
