10.163  	 6 	 8.073821663856506e-05 	 6.006459057331086e-05
110.21  	 3 	 9.291805326938629e-06 	 3.0007433444261554e-05
126.11  	 1 	 7.109716534614563e-06 	 1.0005687773227693e-05
133.176  	 11 	 0.00017347931861877441 	 0.00011013878345489503
144.152  	 2 	 6.588175892829895e-06 	 2.0005270540714264e-05
15.37  	 11 	 0.0002944851294159889 	 0.0001102355881035328
163.25  	 5 	 5.0215981900691986e-05 	 5.004017278552055e-05
168.20  	 8 	 0.00011754408478736877 	 8.00940352678299e-05
19.15  	 14 	 4.409346729516983e-05 	 0.00014003527477383614
203.14  	 8 	 0.00010868068784475327 	 8.008694455027581e-05
248.32  	 4 	 4.310626536607742e-05 	 4.0034485012292864e-05
30.25  	 18 	 0.0005622068420052528 	 0.00018044976547360421
34.165  	 7 	 4.4316984713077545e-05 	 7.003545358777047e-05
64.66  	 13 	 0.00011843163520097733 	 0.0001300947453081608
81.55  	 2 	 7.103197276592255e-06 	 2.0005682557821277e-05
aa.net  	 4 	 4.310626536607742e-05 	 4.0034485012292864e-05
ac.at  	 12 	 0.000151769258081913 	 0.00012012141540646554
ac.il  	 23 	 0.00010868627578020096 	 0.00023008694902062416
access.ch  	 6 	 0.0008823620155453682 	 6.0705889612436304e-05
algonet.se  	 7 	 0.00016819126904010773 	 7.01345530152321e-05
berkeley.edu  	 7 	 0.00014088395982980728 	 7.011270716786385e-05
bnr.ca  	 1 	 2.993270754814148e-06 	 1.0002394616603852e-05
calpoly.edu  	 5 	 7.222406566143036e-06 	 5.0005777925252915e-05
co.nz  	 11 	 2.1336600184440613e-05 	 0.00011001706928014755
co.th  	 13 	 0.0004805149510502815 	 0.00013038441196084024
compulink.gr  	 2 	 1.2051314115524292e-05 	 2.000964105129242e-05
compuserve.com  	 157 	 0.0017628157511353493 	 0.0015714102526009086
csun.edu  	 13 	 0.00015275366604328156 	 0.00013012220293283464
cts.com  	 10 	 5.6399963796138763e-05 	 0.00010004511997103691
digital.net  	 25 	 0.00010323058813810349 	 0.0002500825844705105
dupont.com  	 5 	 0.0005441447719931602 	 5.043531581759453e-05
ebicom.net  	 17 	 9.43746417760849e-05 	 0.00017007549971342087
edu.au  	 14 	 0.0002147546038031578 	 0.00014017180368304253
fsu.edu  	 32 	 0.00018842052668333054 	 0.0003201507364213467
gen.nz  	 6 	 7.175840437412262e-06 	 6.0005740672349935e-05
gov.au  	 37 	 0.00033384375274181366 	 0.0003702670750021935
gpnet.it  	 23 	 0.0006068907678127289 	 0.0002304855126142502
gwdg.de  	 1 	 8.392333984375e-05 	 1.0067138671875e-05
ibm.net  	 10 	 0.0011290721595287323 	 0.000100903257727623
innet.be  	 17 	 0.0008030477911233902 	 0.00017064243823289874
iol.ie  	 4 	 3.1908974051475525e-05 	 4.002552717924118e-05
ionet.net  	 5 	 4.3169595301151276e-05 	 5.003453567624092e-05
itnet.it  	 24 	 0.00028328876942396164 	 0.0002402266310155392
mcs.net  	 2 	 8.340366184711456e-05 	 2.0066722929477692e-05
microsoft.com  	 52 	 0.00046824943274259567 	 0.0005203745995461941
mindspring.com  	 20 	 9.332690387964249e-05 	 0.00020007466152310372
moorecap.com  	 1 	 9.431224316358566e-05 	 1.007544979453087e-05
msen.com  	 9 	 5.633663386106491e-05 	 9.004506930708886e-05
netaxs.com  	 1 	 4.57763671875e-05 	 1.003662109375e-05
netheaven.com  	 11 	 0.0001129545271396637 	 0.00011009036362171173
nwlink.com  	 1 	 9.189359843730927e-06 	 1.0007351487874985e-05
org.au  	 7 	 2.6472844183444977e-05 	 7.002117827534677e-05
primenet.com  	 9 	 5.28823584318161e-05 	 9.004230588674546e-05
rwth-aachen.de  	 23 	 0.00016090180724859238 	 0.00023012872144579887
sci.fi  	 2 	 3.725290298461914e-06 	 2.0002980232238772e-05
teradyne.com  	 17 	 0.0002126842737197876 	 0.00017017014741897585
tip.net  	 9 	 2.479739487171173e-05 	 9.001983791589737e-05
trw.com  	 40 	 0.0016823848709464073 	 0.0004013459078967571
tu-chemnitz.de  	 6 	 6.985478103160858e-05 	 6.00558838248253e-05
tu-muenchen.de  	 4 	 4.310626536607742e-05 	 4.0034485012292864e-05
tudelft.nl  	 19 	 0.0001309812068939209 	 0.00019010478496551514
tue.nl  	 24 	 0.0007666442543268204 	 0.0002406133154034615
usps.gov  	 4 	 4.310626536607742e-05 	 4.0034485012292864e-05
utexas.edu  	 8 	 0.0002739066258072853 	 8.021912530064583e-05
webads.com  	 25 	 0.0003780350089073181 	 0.0002503024280071259
